jracusin/BC_eff_area_curves.ecsv
# %ECSV 0.9
# ---
# datatype:
# - {name: diameter, datatype: float64}
# - {name: height, datatype: float64}
# - {name: az, datatype: float32}
# - {name: ze, datatype: float32}
# - {name: keV, datatype: float32}
# - {name: aeff, datatype: float32}
# - {name: aeff_eres, datatype: float32}
# - {name: aeff_eres_modfrac, datatype: float32}
diameter height az ze keV aeff aeff_eres aeff_eres_modfrac
[from data line 320]
85.0 19.0 0.0 0.0 383.404 37.7009 25.7535 26.236
85.0 19.0 0.0 0.0 576.227 29.8832 15.2345 15.4287
85.0 19.0 0.0 0.0 866.025 24.4622 8.95318 17.9382
85.0 19.0 0.0 0.0 1301.57 20.5909 5.74073 11.5062
85.0 19.0 0.0 0.0 1956.16 18.1467 3.54224 7.10988
85.0 19.0 0.0 0.0 2939.97 16.8364 2.28469 4.58622
85.0 19.0 0.0 0.0 4418.55 16.1372 1.3765 2.76591
85.0 19.0 0.0 0.0 6640.74 16.563 0.713866 1.4327
85.0 19.0 0.0 0.0 9980.54 17.1342 0.327263 0.663092
85.0 19.0 0.0 0.0 15000.0 18.9641 0.0929239 0.189641
85.0 20.0 0.0 0.0 50.0 50.3067 41.9357 49.1295
85.0 20.0 0.0 0.0 75.1462 53.9092 48.556 52.6692
85.0 20.0 0.0 0.0 112.939 55.4782 51.506 53.8472
85.0 20.0 0.0 0.0 169.739 55.6698 51.4278 53.3762
85.0 20.0 0.0 0.0 255.105 49.2854 42.0059 43.2529
85.0 20.0 0.0 0.0 383.404 38.4127 26.5124 27.0118
85.0 20.0 0.0 0.0 576.227 31.334 16.0994 16.3658
85.0 20.0 0.0 0.0 866.025 25.5939 9.83318 19.715
85.0 20.0 0.0 0.0 1301.57 21.7091 6.11329 12.2613
85.0 20.0 0.0 0.0 1956.16 18.725 3.88918 7.79709
85.0 20.0 0.0 0.0 2939.97 17.5034 2.49774 5.00773
85.0 20.0 0.0 0.0 4418.55 16.9474 1.53713 3.09121
85.0 20.0 0.0 0.0 6640.74 17.3264 0.816075 1.63735
85.0 20.0 0.0 0.0 9980.54 18.2715 0.378221 0.758269
85.0 20.0 0.0 0.0 15000.0 19.5131 0.111225 0.226352
85.0 21.0 0.0 0.0 50.0 50.7159 42.4796 49.5799
85.0 21.0 0.0 0.0 75.1462 54.2572 49.0974 52.9442
85.0 21.0 0.0 0.0 112.939 55.7297 51.5945 53.963
85.0 21.0 0.0 0.0 169.739 55.7959 51.667 53.592
85.0 21.0 0.0 0.0 255.105 49.6291 42.7158 43.9019
85.0 21.0 0.0 0.0 383.404 39.4386 27.4769 28.0684
85.0 21.0 0.0 0.0 576.227 31.4952 16.4373 16.7239
85.0 21.0 0.0 0.0 866.025 26.1475 10.3858 20.8186
85.0 21.0 0.0 0.0 1301.57 22.5444 6.44094 12.9112
85.0 21.0 0.0 0.0 1956.16 19.5085 4.1241 8.26577
85.0 21.0 0.0 0.0 2939.97 18.489 2.80293 5.62065
85.0 21.0 0.0 0.0 4418.55 17.7694 1.49619 3.00304
85.0 21.0 0.0 0.0 6640.74 18.0979 0.912133 1.83693
85.0 21.0 0.0 0.0 9980.54 18.9782 0.370075 0.749638
85.0 21.0 0.0 0.0 15000.0 20.2782 0.115586 0.239283
85.0 22.0 0.0 0.0 50.0 50.1946 42.4194 49.1556
85.0 22.0 0.0 0.0 75.1462 53.8432 48.7065 52.5402
85.0 22.0 0.0 0.0 112.939 55.1439 51.4217 53.677
85.0 22.0 0.0 0.0 169.739 55.5271 51.3404 53.3616
85.0 22.0 0.0 0.0 255.105 50.0373 43.2823 44.4632
85.0 22.0 0.0 0.0 383.404 40.1045 28.3137 28.8271
85.0 22.0 0.0 0.0 576.227 32.6272 17.4295 17.6709
85.0 22.0 0.0 0.0 866.025 26.8345 10.6774 21.4086
85.0 22.0 0.0 0.0 1301.57 23.0382 6.81469 13.657
85.0 22.0 0.0 0.0 1956.16 20.5787 4.53761 9.09785
85.0 22.0 0.0 0.0 2939.97 18.6402 2.75688 5.53427
85.0 22.0 0.0 0.0 4418.55 18.1497 1.72785 3.4684
85.0 22.0 0.0 0.0 6640.74 18.5902 1.00573 2.01518
85.0 22.0 0.0 0.0 9980.54 19.6646 0.491615 0.985196
85.0 22.0 0.0 0.0 15000.0 21.6327 0.149266 0.302858
90.0 17.0 0.0 0.0 50.0 56.2658 47.4095 55.1011
90.0 17.0 0.0 0.0 75.1462 60.2809 54.4396 59.0029
90.0 17.0 0.0 0.0 112.939 62.3073 58.2822 60.7184
90.0 17.0 0.0 0.0 169.739 61.4865 57.0165 59.1193
90.0 17.0 0.0 0.0 255.105 51.4838 43.6891 44.9762
90.0 17.0 0.0 0.0 383.404 39.6047 26.6421 27.1372
90.0 17.0 0.0 0.0 576.227 31.1308 15.444 15.6744
90.0 17.0 0.0 0.0 866.025 25.3652 9.24815 18.5445
90.0 17.0 0.0 0.0 1301.57 20.9479 5.38153 10.784
90.0 17.0 0.0 0.0 1956.16 18.3872 3.35934 6.73155
90.0 17.0 0.0 0.0 2939.97 17.0656 2.17757 4.36539
90.0 17.0 0.0 0.0 4418.55 16.6808 1.20435 2.42539
90.0 17.0 0.0 0.0 6640.74 16.9622 0.653044 1.31118
90.0 17.0 0.0 0.0 9980.54 17.998 0.266371 0.538141
90.0 17.0 0.0 0.0 15000.0 19.4235 0.0757518 0.157331
90.0 18.0 0.0 0.0 50.0 55.8648 47.0046 54.5855
90.0 18.0 0.0 0.0 75.1462 61.4258 55.4736 60.2833
90.0 18.0 0.0 0.0 112.939 62.4046 58.1922 60.7446
90.0 18.0 0.0 0.0 169.739 61.8612 57.5804 59.5662
90.0 18.0 0.0 0.0 255.105 52.3144 44.1429 45.3409
90.0 18.0 0.0 0.0 383.404 40.328 27.4916 28.0925
90.0 18.0 0.0 0.0 576.227 32.3164 16.1938 16.3844
90.0 18.0 0.0 0.0 866.025 26.0949 9.68381 19.4172
90.0 18.0 0.0 0.0 1301.57 22.2256 6.09871 12.2241
90.0 18.0 0.0 0.0 1956.16 19.5054 3.81525 7.64415
90.0 18.0 0.0 0.0 2939.97 18.07 2.43222 4.87708
90.0 18.0 0.0 0.0 4418.55 17.3099 1.35883 2.72458
90.0 18.0 0.0 0.0 6640.74 17.8677 0.721855 1.45443
90.0 18.0 0.0 0.0 9980.54 18.5771 0.377114 0.765375
90.0 18.0 0.0 0.0 15000.0 20.0875 0.0642802 0.132578
90.0 19.0 0.0 0.0 50.0 56.0057 47.28 54.9864
90.0 19.0 0.0 0.0 75.1462 60.1213 54.4458 58.8948
90.0 19.0 0.0 0.0 112.939 61.7605 57.709 60.0127
90.0 19.0 0.0 0.0 169.739 61.7576 57.484 59.5096
90.0 19.0 0.0 0.0 255.105 54.1984 46.5997 47.9276
90.0 19.0 0.0 0.0 383.404 42.0248 28.8543 29.4006
90.0 19.0 0.0 0.0 576.227 33.3321 16.7727 17.036
90.0 19.0 0.0 0.0 866.025 27.8825 10.3667 20.7725
90.0 19.0 0.0 0.0 1301.57 22.6889 6.15776 12.3291
90.0 19.0 0.0 0.0 1956.16 19.9883 4.07161 8.16321
90.0 19.0 0.0 0.0 2939.97 18.7626 2.57235 5.15783
90.0 19.0 0.0 0.0 4418.55 18.1448 1.48243 2.97575
90.0 19.0 0.0 0.0 6640.74 18.8384 0.830774 1.67097
90.0 19.0 0.0 0.0 9980.54 20.1002 0.361803 0.729636
90.0 19.0 0.0 0.0 15000.0 20.9645 0.0964366 0.192873
90.0 20.0 0.0 0.0 50.0 56.1107 47.6043 54.8651
90.0 20.0 0.0 0.0 75.1462 60.4092 54.7126 59.1526
90.0 20.0 0.0 0.0 112.939 62.9718 58.7716 61.2023
90.0 20.0 0.0 0.0 169.739 62.2685 57.7416 59.9272
90.0 20.0 0.0 0.0 255.105 55.7587 47.7239 49.1123
90.0 20.0 0.0 0.0 383.404 43.4012 29.9902 30.6152
90.0 20.0 0.0 0.0 576.227 34.9344 18.1135 18.3126
90.0 20.0 0.0 0.0 866.025 28.5512 10.9151 21.8959
90.0 20.0 0.0 0.0 1301.57 23.901 6.90262 13.8244
90.0 20.0 0.0 0.0 1956.16 21.0206 4.3786 8.77402
90.0 20.0 0.0 0.0 2939.97 19.6106 2.77098 5.54785
90.0 20.0 0.0 0.0 4418.55 19.1257 1.67541 3.37377
90.0 20.0 0.0 0.0 6640.74 19.3519 0.967597 1.94874
90.0 20.0 0.0 0.0 9980.54 20.3448 0.429276 0.862621
90.0 20.0 0.0 0.0 15000.0 21.8532 0.118007 0.240385
90.0 21.0 0.0 0.0 50.0 56.143 47.1657 54.9079
90.0 21.0 0.0 0.0 75.1462 61.0874 55.0397 59.6579
90.0 21.0 0.0 0.0 112.939 62.6985 58.2783 60.7486
90.0 21.0 0.0 0.0 169.739 60.8329 56.4408 58.6733
90.0 21.0 0.0 0.0 255.105 54.5348 47.1398 48.4923
90.0 21.0 0.0 0.0 383.404 43.7145 30.4952 31.0854
90.0 21.0 0.0 0.0 576.227 35.5911 18.4967 18.7352
90.0 21.0 0.0 0.0 866.025 29.2991 11.6435 23.325
90.0 21.0 0.0 0.0 1301.57 25.1182 7.40234 14.8273
90.0 21.0 0.0 0.0 1956.16 21.6053 4.50687 9.02886
90.0 21.0 0.0 0.0 2939.97 20.0055 2.98682 5.99165
90.0 21.0 0.0 0.0 4418.55 19.6045 1.95261 3.91305
90.0 21.0 0.0 0.0 6640.74 20.0418 1.03015 2.06631
90.0 21.0 0.0 0.0 9980.54 21.2622 0.503914 1.01208
90.0 21.0 0.0 0.0 15000.0 22.977 0.114885 0.232067
