jracusin/BC_eff_area_curves.ecsv
# %ECSV 0.9
# ---
# datatype:
# - {name: diameter, datatype: float64}
# - {name: height, datatype: float64}
# - {name: az, datatype: float32}
# - {name: ze, datatype: float32}
# - {name: keV, datatype: float32}
# - {name: aeff, datatype: float32}
# - {name: aeff_eres, datatype: float32}
# - {name: aeff_eres_modfrac, datatype: float32}
diameter height az ze keV aeff aeff_eres aeff_eres_modfrac
90.0 22.0 0.0 0.0 50.0 55.8351 46.7395 54.6904
90.0 22.0 0.0 0.0 75.1462 59.8132 54.1071 58.5332
90.0 22.0 0.0 0.0 112.939 62.1697 58.054 60.4911
90.0 22.0 0.0 0.0 169.739 62.6373 58.1963 60.3699
90.0 22.0 0.0 0.0 255.105 56.0151 48.6771 49.7694
90.0 22.0 0.0 0.0 383.404 45.6845 32.5913 33.1395
90.0 22.0 0.0 0.0 576.227 36.94 20.04 20.3207
90.0 22.0 0.0 0.0 866.025 30.9237 12.487 25.042
90.0 22.0 0.0 0.0 1301.57 25.6741 7.79467 15.6125
90.0 22.0 0.0 0.0 1956.16 23.0448 5.06064 10.1512
90.0 22.0 0.0 0.0 2939.97 20.79 3.02494 6.06236
90.0 22.0 0.0 0.0 4418.55 20.0859 1.93629 3.88261
90.0 22.0 0.0 0.0 6640.74 20.7313 1.22314 2.46287
90.0 22.0 0.0 0.0 9980.54 22.2297 0.540183 1.08926
90.0 22.0 0.0 0.0 15000.0 23.3765 0.154285 0.310908
95.0 17.0 0.0 0.0 50.0 61.3093 51.929 60.2609
95.0 17.0 0.0 0.0 75.1462 66.3958 60.3804 65.1277
95.0 17.0 0.0 0.0 112.939 68.855 64.5447 67.0441
95.0 17.0 0.0 0.0 169.739 67.3833 63.0303 65.1866
95.0 17.0 0.0 0.0 255.105 57.4941 48.7607 50.1866
95.0 17.0 0.0 0.0 383.404 43.9988 29.7388 30.3196
95.0 17.0 0.0 0.0 576.227 34.3002 16.8379 17.0815
95.0 17.0 0.0 0.0 866.025 28.3118 10.1555 20.3789
95.0 17.0 0.0 0.0 1301.57 23.8727 6.4146 12.8459
95.0 17.0 0.0 0.0 1956.16 20.6528 3.94469 7.90178
95.0 17.0 0.0 0.0 2939.97 19.1635 2.52959 5.07642
95.0 17.0 0.0 0.0 4418.55 18.4088 1.39539 2.79998
95.0 17.0 0.0 0.0 6640.74 18.7672 0.752565 1.51451
95.0 17.0 0.0 0.0 9980.54 20.0983 0.307504 0.619027
95.0 17.0 0.0 0.0 15000.0 21.8659 0.0721575 0.150875
95.0 18.0 0.0 0.0 50.0 62.1485 52.4222 60.9304
95.0 18.0 0.0 0.0 75.1462 67.5166 61.2038 66.2338
95.0 18.0 0.0 0.0 112.939 69.0087 64.3575 66.9867
95.0 18.0 0.0 0.0 169.739 67.9244 62.9184 65.0716
95.0 18.0 0.0 0.0 255.105 58.8922 50.1055 51.5072
95.0 18.0 0.0 0.0 383.404 45.1539 30.7137 31.242
95.0 18.0 0.0 0.0 576.227 36.177 18.3345 18.5769
95.0 18.0 0.0 0.0 866.025 29.518 10.9394 21.9407
95.0 18.0 0.0 0.0 1301.57 25.3347 6.86571 13.7719
95.0 18.0 0.0 0.0 1956.16 21.7319 4.3616 8.74276
95.0 18.0 0.0 0.0 2939.97 19.6612 2.68769 5.3852
95.0 18.0 0.0 0.0 4418.55 19.0141 1.56296 3.13353
95.0 18.0 0.0 0.0 6640.74 20.2049 0.886994 1.79015
95.0 18.0 0.0 0.0 9980.54 21.4132 0.400427 0.809419
95.0 18.0 0.0 0.0 15000.0 22.6064 0.158245 0.318751
95.0 19.0 0.0 0.0 50.0 61.6829 51.7273 60.4862
95.0 19.0 0.0 0.0 75.1462 66.7971 60.3646 65.4946
95.0 19.0 0.0 0.0 112.939 68.3392 63.9382 66.4531
95.0 19.0 0.0 0.0 169.739 68.0943 63.4912 65.854
95.0 19.0 0.0 0.0 255.105 59.927 51.4173 52.9155
95.0 19.0 0.0 0.0 383.404 45.9523 31.9966 32.594
95.0 19.0 0.0 0.0 576.227 36.8802 18.6319 18.8901
95.0 19.0 0.0 0.0 866.025 30.5923 11.5578 23.1737
95.0 19.0 0.0 0.0 1301.57 25.4466 7.10724 14.2348
95.0 19.0 0.0 0.0 1956.16 22.8417 4.69169 9.41536
95.0 19.0 0.0 0.0 2939.97 20.8115 2.95523 5.94376
95.0 19.0 0.0 0.0 4418.55 20.249 1.83658 3.68531
95.0 19.0 0.0 0.0 6640.74 20.4346 0.978819 1.96581
95.0 19.0 0.0 0.0 9980.54 21.713 0.436432 0.877207
95.0 19.0 0.0 0.0 15000.0 23.5727 0.113149 0.228655
95.0 20.0 0.0 0.0 50.0 62.5418 52.8603 61.1846
95.0 20.0 0.0 0.0 75.1462 67.4 61.1992 66.1396
95.0 20.0 0.0 0.0 112.939 70.5784 65.5955 68.7222
95.0 20.0 0.0 0.0 169.739 68.9465 64.5477 66.6575
95.0 20.0 0.0 0.0 255.105 61.0721 52.8579 54.3053
95.0 20.0 0.0 0.0 383.404 48.143 33.3679 34.0131
95.0 20.0 0.0 0.0 576.227 38.3444 19.8241 20.0733
95.0 20.0 0.0 0.0 866.025 32.1552 12.2383 24.544
95.0 20.0 0.0 0.0 1301.57 26.2862 7.46002 14.9411
95.0 20.0 0.0 0.0 1956.16 23.716 5.16534 10.3686
95.0 20.0 0.0 0.0 2939.97 21.8383 3.10104 6.2261
95.0 20.0 0.0 0.0 4418.55 21.0549 1.92021 3.85726
95.0 20.0 0.0 0.0 6640.74 21.5511 1.20471 2.42019
95.0 20.0 0.0 0.0 9980.54 22.7557 0.525658 1.06724
95.0 20.0 0.0 0.0 15000.0 24.5084 0.122542 0.252436
95.0 21.0 0.0 0.0 50.0 62.8467 52.9107 61.7469
95.0 21.0 0.0 0.0 75.1462 67.1213 61.2079 65.7923
95.0 21.0 0.0 0.0 112.939 69.3412 64.7716 67.5869
95.0 21.0 0.0 0.0 169.739 69.5935 64.9307 67.0673
95.0 21.0 0.0 0.0 255.105 61.1261 52.9964 54.3778
95.0 21.0 0.0 0.0 383.404 48.5914 34.1063 34.7818
95.0 21.0 0.0 0.0 576.227 39.9608 21.1752 21.5349
95.0 21.0 0.0 0.0 866.025 33.378 13.0074 26.0716
95.0 21.0 0.0 0.0 1301.57 28.4598 8.33018 16.6945
95.0 21.0 0.0 0.0 1956.16 24.5115 5.27487 10.562
95.0 21.0 0.0 0.0 2939.97 22.9073 3.42007 6.84701
95.0 21.0 0.0 0.0 4418.55 22.055 2.22535 4.47275
95.0 21.0 0.0 0.0 6640.74 22.4066 1.26597 2.54763
95.0 21.0 0.0 0.0 9980.54 23.5561 0.581835 1.1778
95.0 21.0 0.0 0.0 15000.0 25.6961 0.164455 0.336619
95.0 22.0 0.0 0.0 50.0 62.6676 52.9416 61.2012
95.0 22.0 0.0 0.0 75.1462 67.296 61.3605 66.0443
95.0 22.0 0.0 0.0 112.939 70.1779 65.3707 67.9954
95.0 22.0 0.0 0.0 169.739 69.3918 64.6176 66.7826
95.0 22.0 0.0 0.0 255.105 62.2706 53.8641 55.2278
95.0 22.0 0.0 0.0 383.404 50.1504 35.351 36.0631
95.0 22.0 0.0 0.0 576.227 40.6274 21.5691 21.9103
95.0 22.0 0.0 0.0 866.025 33.6903 13.3077 26.713
95.0 22.0 0.0 0.0 1301.57 28.5744 8.73806 17.5104
95.0 22.0 0.0 0.0 1956.16 25.6519 5.96663 11.9487
95.0 22.0 0.0 0.0 2939.97 23.6905 3.88998 7.81313
95.0 22.0 0.0 0.0 4418.55 22.4053 2.24277 4.50347
95.0 22.0 0.0 0.0 6640.74 23.2555 1.35812 2.72787
95.0 22.0 0.0 0.0 9980.54 24.0048 0.640929 1.29146
95.0 22.0 0.0 0.0 15000.0 26.0673 0.177258 0.367549
100.0 17.0 0.0 0.0 50.0 69.3936 58.2559 68.1168
100.0 17.0 0.0 0.0 75.1462 75.1605 68.2983 73.7474
100.0 17.0 0.0 0.0 112.939 77.7197 72.9633 75.8311
100.0 17.0 0.0 0.0 169.739 76.2859 70.9383 73.2955
100.0 17.0 0.0 0.0 255.105 63.6824 54.0918 55.7476
100.0 17.0 0.0 0.0 383.404 48.5677 32.317 33.094
100.0 17.0 0.0 0.0 576.227 38.0405 18.8339 19.1154
100.0 17.0 0.0 0.0 866.025 31.1457 11.1066 22.2598
100.0 17.0 0.0 0.0 1301.57 25.6726 6.80837 13.663
100.0 17.0 0.0 0.0 1956.16 22.5891 4.35292 8.73972
100.0 17.0 0.0 0.0 2939.97 21.3359 2.63925 5.29984
100.0 17.0 0.0 0.0 4418.55 20.6819 1.51392 3.04645
100.0 17.0 0.0 0.0 6640.74 21.125 0.847114 1.7069
100.0 17.0 0.0 0.0 9980.54 22.1523 0.383235 0.768685
100.0 17.0 0.0 0.0 15000.0 23.9476 0.0933958 0.189186
100.0 18.0 0.0 0.0 50.0 69.473 58.2809 68.1739
100.0 18.0 0.0 0.0 75.1462 75.2292 68.3457 73.8074
100.0 18.0 0.0 0.0 112.939 77.7848 72.9777 75.8479
100.0 18.0 0.0 0.0 169.739 76.6832 71.3307 73.7386
100.0 18.0 0.0 0.0 255.105 65.1222 55.7902 57.4508
100.0 18.0 0.0 0.0 383.404 50.1259 34.2109 35.0229
100.0 18.0 0.0 0.0 576.227 39.6284 19.941 20.2025
100.0 18.0 0.0 0.0 866.025 32.2111 11.7828 23.6301
100.0 18.0 0.0 0.0 1301.57 26.8555 7.32619 14.698
100.0 18.0 0.0 0.0 1956.16 23.864 4.58665 9.1924
100.0 18.0 0.0 0.0 2939.97 22.2949 2.82922 5.68074
100.0 18.0 0.0 0.0 4418.55 21.6425 1.71625 3.45631
100.0 18.0 0.0 0.0 6640.74 21.845 1.06604 2.15829
100.0 18.0 0.0 0.0 9980.54 23.2136 0.424808 0.85426
100.0 18.0 0.0 0.0 15000.0 25.2876 0.093564 0.197243
100.0 19.0 0.0 0.0 50.0 69.5793 58.3283 68.2573
100.0 19.0 0.0 0.0 75.1462 75.3599 68.4192 73.9205
100.0 19.0 0.0 0.0 112.939 77.9028 73.0261 75.9007
100.0 19.0 0.0 0.0 169.739 77.1709 71.7921 74.2461
100.0 19.0 0.0 0.0 255.105 66.519 57.3527 58.9624
100.0 19.0 0.0 0.0 383.404 51.47 35.4371 36.2143
100.0 19.0 0.0 0.0 576.227 41.3893 21.0299 21.3072
100.0 19.0 0.0 0.0 866.025 33.2344 12.6058 25.2682
100.0 19.0 0.0 0.0 1301.57 28.3064 7.96826 15.9818
100.0 19.0 0.0 0.0 1956.16 24.9142 5.47614 10.9847
100.0 19.0 0.0 0.0 2939.97 23.0444 3.25387 6.52157
100.0 19.0 0.0 0.0 4418.55 22.7655 1.92824 3.87924
100.0 19.0 0.0 0.0 6640.74 22.9784 1.11905 2.25648
100.0 19.0 0.0 0.0 9980.54 24.187 0.54179 1.08842
100.0 19.0 0.0 0.0 15000.0 26.4829 0.150952 0.307201
100.0 20.0 0.0 0.0 50.0 69.5332 58.3662 68.1356
100.0 20.0 0.0 0.0 75.1462 74.1156 67.5342 72.9001
100.0 20.0 0.0 0.0 112.939 76.245 71.6703 74.4151
100.0 20.0 0.0 0.0 169.739 76.2734 71.0563 73.5046
100.0 20.0 0.0 0.0 255.105 67.8142 58.1778 59.6087
100.0 20.0 0.0 0.0 383.404 53.5761 37.514 38.2748
100.0 20.0 0.0 0.0 576.227 42.7863 22.3345 22.6853
100.0 20.0 0.0 0.0 866.025 34.9586 13.4591 26.995
100.0 20.0 0.0 0.0 1301.57 29.8223 8.70811 17.4699
100.0 20.0 0.0 0.0 1956.16 25.8499 5.67663 11.3843
100.0 20.0 0.0 0.0 2939.97 23.85 3.36763 6.76387
100.0 20.0 0.0 0.0 4418.55 23.3675 2.19888 4.41646
100.0 20.0 0.0 0.0 6640.74 23.9523 1.20959 2.44074
100.0 20.0 0.0 0.0 9980.54 24.7948 0.592595 1.19263
100.0 20.0 0.0 0.0 15000.0 26.9974 0.153885 0.30777
100.0 21.0 0.0 0.0 50.0 69.5255 58.8603 68.3644
100.0 21.0 0.0 0.0 75.1462 74.6144 67.6155 73.0922
100.0 21.0 0.0 0.0 112.939 76.5384 71.5634 74.426
100.0 21.0 0.0 0.0 169.739 76.7831 71.6079 74.1034
100.0 21.0 0.0 0.0 255.105 68.1297 58.6051 60.3356
100.0 21.0 0.0 0.0 383.404 54.7582 38.5553 39.289
100.0 21.0 0.0 0.0 576.227 44.3681 23.2178 23.5683
100.0 21.0 0.0 0.0 866.025 36.4257 14.4501 28.9657
100.0 21.0 0.0 0.0 1301.57 30.3131 9.09089 18.2151
100.0 21.0 0.0 0.0 1956.16 26.6701 5.80342 11.6282
100.0 21.0 0.0 0.0 2939.97 24.7349 3.65582 7.33637
100.0 21.0 0.0 0.0 4418.55 24.1276 2.30418 4.62767
100.0 21.0 0.0 0.0 6640.74 23.9323 1.32585 2.66845
100.0 21.0 0.0 0.0 9980.54 25.728 0.650918 1.30956
100.0 21.0 0.0 0.0 15000.0 28.3607 0.195689 0.394214
100.0 22.0 0.0 0.0 50.0 69.2145 58.1955 68.0309
100.0 22.0 0.0 0.0 75.1462 75.35 68.7569 73.9108
100.0 22.0 0.0 0.0 112.939 77.3939 72.255 75.2037
100.0 22.0 0.0 0.0 169.739 77.1617 72.015 74.4765
100.0 22.0 0.0 0.0 255.105 69.2826 60.456 62.1187
100.0 22.0 0.0 0.0 383.404 55.3791 39.5739 40.3935
100.0 22.0 0.0 0.0 576.227 44.9994 24.2772 24.6057
100.0 22.0 0.0 0.0 866.025 38.0239 15.5974 31.2594
100.0 22.0 0.0 0.0 1301.57 31.2708 9.70959 19.463
100.0 22.0 0.0 0.0 1956.16 27.6203 6.2422 12.512
100.0 22.0 0.0 0.0 2939.97 25.8271 4.04711 8.11488
100.0 22.0 0.0 0.0 4418.55 24.8651 2.44921 4.91334
100.0 22.0 0.0 0.0 6640.74 25.4972 1.59357 3.19989
100.0 22.0 0.0 0.0 9980.54 27.0094 0.723851 1.45581
100.0 22.0 0.0 0.0 15000.0 29.0358 0.214865 0.435538
80.0 17.0 0.0 0.0 50.0 44.5065 37.5991 43.6297
80.0 17.0 0.0 0.0 75.1462 47.9637 43.6613 46.8413
80.0 17.0 0.0 0.0 112.939 48.9477 45.6682 47.5527
80.0 17.0 0.0 0.0 169.739 48.8825 45.2017 46.7561
80.0 17.0 0.0 0.0 255.105 40.9384 34.4333 35.4117
80.0 17.0 0.0 0.0 383.404 31.4485 20.973 21.3441
80.0 17.0 0.0 0.0 576.227 24.5077 11.8127 12.0284
80.0 17.0 0.0 0.0 866.025 20.2459 7.24804 14.5265
80.0 17.0 0.0 0.0 1301.57 16.6599 4.20664 8.42493
80.0 17.0 0.0 0.0 1956.16 14.6364 2.80872 5.62769
80.0 17.0 0.0 0.0 2939.97 13.6343 1.7261 3.46447
80.0 17.0 0.0 0.0 4418.55 13.291 0.94765 1.90327
80.0 17.0 0.0 0.0 6640.74 13.4055 0.487959 0.97994
80.0 17.0 0.0 0.0 9980.54 14.2114 0.244436 0.50024
80.0 17.0 0.0 0.0 15000.0 15.3345 0.0567375 0.116542
80.0 18.0 0.0 0.0 50.0 44.9819 37.7713 44.0283
80.0 18.0 0.0 0.0 75.1462 48.2561 43.609 47.0883
80.0 18.0 0.0 0.0 112.939 49.4174 45.8445 48.0189
80.0 18.0 0.0 0.0 169.739 49.0169 45.1348 46.8161
80.0 18.0 0.0 0.0 255.105 41.8611 35.2889 36.3606
80.0 18.0 0.0 0.0 383.404 31.9932 21.4451 21.9218
80.0 18.0 0.0 0.0 576.227 25.0746 12.6 12.7981
80.0 18.0 0.0 0.0 866.025 20.4551 7.52133 15.0754
80.0 18.0 0.0 0.0 1301.57 17.4758 4.56294 9.13986
80.0 18.0 0.0 0.0 1956.16 15.6001 2.91255 5.83133
80.0 18.0 0.0 0.0 2939.97 14.2566 1.78636 3.57556
80.0 18.0 0.0 0.0 4418.55 13.7133 1.00244 2.01449
80.0 18.0 0.0 0.0 6640.74 14.1779 0.557193 1.11864
80.0 18.0 0.0 0.0 9980.54 14.8409 0.264168 0.538724
80.0 18.0 0.0 0.0 15000.0 15.8643 0.0729759 0.145952
80.0 19.0 0.0 0.0 50.0 44.3292 37.1966 43.3628
80.0 19.0 0.0 0.0 75.1462 48.0435 43.2632 46.8809
80.0 19.0 0.0 0.0 112.939 49.6639 45.9242 48.0001
80.0 19.0 0.0 0.0 169.739 48.8229 45.0049 46.6698
80.0 19.0 0.0 0.0 255.105 42.6315 36.0492 37.0979
80.0 19.0 0.0 0.0 383.404 32.9075 22.2751 22.7259
80.0 19.0 0.0 0.0 576.227 26.5947 13.0367 13.1697
80.0 19.0 0.0 0.0 866.025 21.8275 8.2006 16.4623
80.0 19.0 0.0 0.0 1301.57 18.4883 4.98076 9.9837
80.0 19.0 0.0 0.0 1956.16 16.1534 3.07562 6.16739
80.0 19.0 0.0 0.0 2939.97 14.8131 1.87682 3.7566
80.0 19.0 0.0 0.0 4418.55 14.3673 1.17381 2.3548
80.0 19.0 0.0 0.0 6640.74 14.8105 0.599827 1.2041
80.0 19.0 0.0 0.0 9980.54 15.5553 0.287773 0.583324
80.0 19.0 0.0 0.0 15000.0 16.8249 0.0555222 0.117774
80.0 20.0 0.0 0.0 50.0 44.4269 37.212 43.2985
80.0 20.0 0.0 0.0 75.1462 48.3621 43.5742 47.0805
80.0 20.0 0.0 0.0 112.939 49.6069 45.9806 48.074
80.0 20.0 0.0 0.0 169.739 49.3049 45.4689 47.1699
80.0 20.0 0.0 0.0 255.105 43.3954 37.1204 38.1229
80.0 20.0 0.0 0.0 383.404 33.9675 23.1557 23.5531
80.0 20.0 0.0 0.0 576.227 27.2085 13.8627 14.0586
80.0 20.0 0.0 0.0 866.025 23.0029 8.65599 17.3465
80.0 20.0 0.0 0.0 1301.57 19.4806 5.36496 10.7533
80.0 20.0 0.0 0.0 1956.16 16.6508 3.31685 6.65034
80.0 20.0 0.0 0.0 2939.97 15.5855 1.97624 3.96651
80.0 20.0 0.0 0.0 4418.55 15.0354 1.22689 2.45829
80.0 20.0 0.0 0.0 6640.74 15.3898 0.680228 1.37277
80.0 20.0 0.0 0.0 9980.54 15.7154 0.303306 0.61447
80.0 20.0 0.0 0.0 15000.0 17.3171 0.0883171 0.183561
80.0 21.0 0.0 0.0 50.0 44.8274 37.7626 43.7695
80.0 21.0 0.0 0.0 75.1462 48.1186 42.9362 46.7713
80.0 21.0 0.0 0.0 112.939 49.805 45.96 48.1514
80.0 21.0 0.0 0.0 169.739 49.8492 45.8363 47.5811
80.0 21.0 0.0 0.0 255.105 43.5089 37.3568 38.3357
80.0 21.0 0.0 0.0 383.404 35.1406 24.493 24.8865
80.0 21.0 0.0 0.0 576.227 27.9718 14.6796 14.8754
80.0 21.0 0.0 0.0 866.025 23.4512 9.20224 18.4514
80.0 21.0 0.0 0.0 1301.57 19.5383 5.58015 11.1798
80.0 21.0 0.0 0.0 1956.16 17.4591 3.6018 7.22107
80.0 21.0 0.0 0.0 2939.97 15.9978 2.22369 4.45859
80.0 21.0 0.0 0.0 4418.55 15.8178 1.40304 2.8124
80.0 21.0 0.0 0.0 6640.74 15.9666 0.774381 1.55675
80.0 21.0 0.0 0.0 9980.54 16.9692 0.334293 0.675374
80.0 21.0 0.0 0.0 15000.0 18.4384 0.101411 0.202822
80.0 22.0 0.0 0.0 50.0 44.7309 37.2698 43.6976
80.0 22.0 0.0 0.0 75.1462 48.4315 43.4963 47.1287
80.0 22.0 0.0 0.0 112.939 49.5389 45.8433 48.1023
80.0 22.0 0.0 0.0 169.739 49.5643 45.9114 47.6412
80.0 22.0 0.0 0.0 255.105 44.1713 38.0977 39.0783
80.0 22.0 0.0 0.0 383.404 35.9953 25.3155 25.7438
80.0 22.0 0.0 0.0 576.227 29.2488 15.379 15.5779
80.0 22.0 0.0 0.0 866.025 24.4778 9.62713 19.291
80.0 22.0 0.0 0.0 1301.57 20.4293 6.06546 12.1534
80.0 22.0 0.0 0.0 1956.16 17.9289 3.84754 7.70405
80.0 22.0 0.0 0.0 2939.97 16.8234 2.38724 4.78625
80.0 22.0 0.0 0.0 4418.55 16.1855 1.44051 2.8972
80.0 22.0 0.0 0.0 6640.74 16.4 0.828202 1.65968
80.0 22.0 0.0 0.0 9980.54 17.2131 0.409671 0.824506
80.0 22.0 0.0 0.0 15000.0 18.719 0.104826 0.21714
85.0 17.0 0.0 0.0 50.0 50.4325 42.3734 49.4944
85.0 17.0 0.0 0.0 75.1462 53.8311 48.6364 52.5607
85.0 17.0 0.0 0.0 112.939 54.7983 50.8748 53.1982
85.0 17.0 0.0 0.0 169.739 54.6442 50.5022 52.4475
85.0 17.0 0.0 0.0 255.105 46.0122 38.7009 39.7729
85.0 17.0 0.0 0.0 383.404 35.2303 23.3859 23.8333
85.0 17.0 0.0 0.0 576.227 27.5718 13.3392 13.5157
85.0 17.0 0.0 0.0 866.025 22.3968 7.7112 15.4582
85.0 17.0 0.0 0.0 1301.57 18.6453 4.831 9.6825
85.0 17.0 0.0 0.0 1956.16 16.7037 3.14197 6.29731
85.0 17.0 0.0 0.0 2939.97 15.5011 1.96864 3.94503
85.0 17.0 0.0 0.0 4418.55 15.0414 1.17172 2.34946
85.0 17.0 0.0 0.0 6640.74 15.0841 0.567162 1.14488
85.0 17.0 0.0 0.0 9980.54 15.8691 0.222167 0.450681
85.0 17.0 0.0 0.0 15000.0 17.0688 0.0580338 0.116068
85.0 18.0 0.0 0.0 50.0 50.6716 42.402 49.5011
85.0 18.0 0.0 0.0 75.1462 54.6322 49.3875 53.3756
85.0 18.0 0.0 0.0 112.939 55.9931 52.1464 54.4645
85.0 18.0 0.0 0.0 169.739 55.6198 51.5929 53.4117
85.0 18.0 0.0 0.0 255.105 46.7367 39.7963 40.9133
85.0 18.0 0.0 0.0 383.404 36.6336 24.6507 25.149
85.0 18.0 0.0 0.0 576.227 28.7033 14.343 14.5239
85.0 18.0 0.0 0.0 866.025 23.4396 8.57656 17.1977
85.0 18.0 0.0 0.0 1301.57 19.895 5.32193 10.6618
85.0 18.0 0.0 0.0 1956.16 17.27 3.33311 6.6904
85.0 18.0 0.0 0.0 2939.97 16.1654 2.07079 4.15774
85.0 18.0 0.0 0.0 4418.55 15.5663 1.20795 2.4299
85.0 18.0 0.0 0.0 6640.74 15.8369 0.649313 1.30813
85.0 18.0 0.0 0.0 9980.54 16.5817 0.296813 0.596943
85.0 18.0 0.0 0.0 15000.0 17.9462 0.0879362 0.179462
85.0 19.0 0.0 0.0 50.0 50.7061 42.441 49.5246
85.0 19.0 0.0 0.0 75.1462 54.6538 49.3797 53.3749
85.0 19.0 0.0 0.0 112.939 56.213 52.5254 54.6391
85.0 19.0 0.0 0.0 169.739 55.8469 51.8203 53.6353
